0.000000000000000000e+00 -2.539827344541542575e-01 -4.451189501153627326e-01 2.879964981363547505e-01 1.745267868247172838e-01 5.142443720690876852e-01 1.694215038016427810e-02 2.971210456318773563e-01 1.399827280526001194e-01 1.746313879010496506e-01 1.305519482982529511e-01
0.000000000000000000e+00 0.000000000000000000e+00 6.563173493569863792e-01 1.843339579238731929e-01 4.499315587736356647e-01 5.446789441978830415e-02 4.247208892662517332e-01 -7.672867093685992179e-02 -4.074114475614805109e-01 -2.779287508185374414e-02 2.560821777486850248e-01
0.000000000000000000e+00 0.000000000000000000e+00 0.000000000000000000e+00 1.143649186461026673e-01 1.460968802580041026e-01 5.758781850254816037e-01 1.278810988256249837e-01 -8.986648861022945856e-02 -1.601264829953447100e-01 5.716995999013098351e-02 1.202258243832107915e-01
0.000000000000000000e+00 0.000000000000000000e+00 0.000000000000000000e+00 0.000000000000000000e+00 -3.261668392702227193e-01 3.193949257373455697e-01 -2.020332194534313341e-01 1.544603185673477652e-01 1.167517268332186609e-01 1.756505557669552353e-01 2.204865829962907586e-01
0.000000000000000000e+00 0.000000000000000000e+00 0.000000000000000000e+00 0.000000000000000000e+00 0.000000000000000000e+00 -2.364089619815587240e-01 1.899533910392207758e+00 2.995663523669081507e-01 -1.297212574138464913e-02 1.465399219527117602e-01 -2.501255144253212992e-02
0.000000000000000000e+00 0.000000000000000000e+00 0.000000000000000000e+00 0.000000000000000000e+00 0.000000000000000000e+00 0.000000000000000000e+00 4.830178039086183150e-03 1.733587469513227508e-01 -1.505007430515948874e-01 2.626975668963149602e-01 2.807589525051949475e-01
0.000000000000000000e+00 0.000000000000000000e+00 0.000000000000000000e+00 0.000000000000000000e+00 0.000000000000000000e+00 0.000000000000000000e+00 0.000000000000000000e+00 5.611719299554784879e-01 1.144394749421105528e+00 3.762551189522543860e-01 7.864327945373107698e-02
0.000000000000000000e+00 0.000000000000000000e+00 0.000000000000000000e+00 0.000000000000000000e+00 0.000000000000000000e+00 0.000000000000000000e+00 0.000000000000000000e+00 0.000000000000000000e+00 3.437716856014533806e-01 5.317870459879311396e-01 1.520890403723642315e-01
0.000000000000000000e+00 0.000000000000000000e+00 0.000000000000000000e+00 0.000000000000000000e+00 0.000000000000000000e+00 0.000000000000000000e+00 0.000000000000000000e+00 0.000000000000000000e+00 0.000000000000000000e+00 4.107151130625459334e-01 1.387616643314223408e-01
0.000000000000000000e+00 0.000000000000000000e+00 0.000000000000000000e+00 0.000000000000000000e+00 0.000000000000000000e+00 0.000000000000000000e+00 0.000000000000000000e+00 0.000000000000000000e+00 0.000000000000000000e+00 0.000000000000000000e+00 1.850712546290140814e-01
0.000000000000000000e+00 0.000000000000000000e+00 0.000000000000000000e+00 0.000000000000000000e+00 0.000000000000000000e+00 0.000000000000000000e+00 0.000000000000000000e+00 0.000000000000000000e+00 0.000000000000000000e+00 0.000000000000000000e+00 0.000000000000000000e+00
