-2.19516
-1.51022
-3.86265
-2.37392
-2.59524
-3.60222
-3.15726
-2.28490
-3.26462
-3.43956
-3.46893
-3.12264
-2.57288
-3.57360
-3.69293
-2.87421
-4.10671
-3.06898
-4.57545
-3.01407
-0.81227
-3.25200
-4.28125
-3.99772
-3.12339
-3.42918
-3.70797
-4.91821
-4.26341
-3.60896
-3.44390
-2.37018
-2.09464
-4.13782
-2.67536
-2.74189
-3.79173
-2.07574
-2.67906
-3.89868
-2.75274
-3.70808
-2.53839
-3.11034
-3.30448
-2.99995
-5.38644
-3.48757
-1.25081
-3.36859
-2.55208
-3.07270
-2.35760
-4.17097
-2.06032
-3.20935
-3.40449
-4.05620
-4.02277
-3.34455
-4.17932
-2.20666
-3.16775
-2.64249
-3.57029
-2.01870
-3.41041
-2.80364
-2.57228
-2.92211
-3.32026
-2.77626
-3.43193
-3.21093
-2.88351
-3.09486
-2.27108
-3.76928
-2.64609
-3.79849
-4.38150
-2.14126
-2.69023
-4.55005
-3.15944
-3.11328
-3.21206
-0.06674
-2.70095
-2.71957
-3.34730
-3.48467
-2.09412
-2.02760
-3.46338
-2.17552
-3.29877
-3.84077
-3.90303
-2.92338
-3.38589
-2.07584
-4.52412
-3.28902
-3.61672
-3.60843
-1.43236
-3.19719
-3.08906
-2.68067
-4.70890
-2.53813
-2.76470
-4.49210
-3.51199
-4.14045
-3.40961
-3.15744
-1.66329
-3.78293
-3.31103
-3.78702
-3.00986
-3.27147
-3.48689
-3.38517
-3.59026
-4.76320
-4.62549
-3.35838
-4.36024
-2.84918
-2.16103
-3.03395
-3.60535
-3.17443
-2.29880
-2.16579
-2.60007
-2.65947
-2.88804
-3.35734
-2.99519
-1.76000
-3.45408
-4.14906
-2.61829
-1.88023
-3.15449
-3.38426
-2.05319
