0.00000 -0.25398 -0.44512 0.28800 0.17453 0.51424 0.01694 0.29712 0.13998 0.17463 0.13055
0.00000 0.00000 0.65632 0.18433 0.44993 0.05447 0.42472 -0.07673 -0.40741 -0.02779 0.25608
0.00000 0.00000 0.00000 0.11436 0.14610 0.57588 0.12788 -0.08987 -0.16013 0.05717 0.12023
0.00000 0.00000 0.00000 0.00000 -0.32617 0.31939 -0.20203 0.15446 0.11675 0.17565 0.22049
0.00000 0.00000 0.00000 0.00000 0.00000 -0.23641 1.89953 0.29957 -0.01297 0.14654 -0.02501
0.00000 0.00000 0.00000 0.00000 0.00000 0.00000 0.00483 0.17336 -0.15050 0.26270 0.28076
0.00000 0.00000 0.00000 0.00000 0.00000 0.00000 0.00000 0.56117 1.14439 0.37626 0.07864
0.00000 0.00000 0.00000 0.00000 0.00000 0.00000 0.00000 0.00000 0.34377 0.53179 0.15209
0.00000 0.00000 0.00000 0.00000 0.00000 0.00000 0.00000 0.00000 0.00000 0.41072 0.13876
0.00000 0.00000 0.00000 0.00000 0.00000 0.00000 0.00000 0.00000 0.00000 0.00000 0.18507
0.00000 0.00000 0.00000 0.00000 0.00000 0.00000 0.00000 0.00000 0.00000 0.00000 0.00000
